1470
1473
1492
1479
1462
1477
1496
1520
1512
1523
1519
1514
1515
1508
1465
1481
1476
1483
1444
1421
1430
1430
1436
1438
1435
1434
1435
1457
1487
1480
1445
1425
1425
1426
1490
1475
1518
1559
1557
1568
1590
1623
1628
1630
1652
1650
1750
1812
1874
1856
1978
1902
1918
2000
2115
2120
2110
2115
2100
2100
2060
2005
1950
1948
1915
1914
1920
2000
2050
2025
2015
2035
2045
2095
2015
2000
1980
1951
1947
2000
1972
1932
1913
1932
1935
1960
1965
2000
2010
2005
2020
2010
2035
2025
1990
1980
2025
2105
2125
2135
2165
2150
2175
2165
2180
2290
2320
2415
2390
2325
2295
2275
2320
2455
2435
2600
2640
2655
2585
2650
